19.684074 
-2.179855 
12.120846 
12.615093 
-7.681235 
20.387251 
-22.784178 
9.261983 
-3.000803 
37.213638 
-31.075805 
6.377177 
15.994964 
23.807088 
-12.488648 
7.622810 
-2.373049 
7.505234 
-13.707173 
-1.820386 
3.711714 
21.662496 
15.672711 
-19.947764 
36.362091 
8.890644 
2.903739 
10.092070 
-8.247536 
17.710132 
5.313437 
26.347508 
-0.419659 
16.419653 
-16.926090 
-10.567735 
3.812897 
-9.944394 
-12.930558 
11.448386 
14.803340 
-1.570526 
1.956754 
-7.775820 
-22.574419 
7.357901 
-6.615279 
23.052116 
5.333827 
34.226710 
3.578821 
-5.437336 
1.417284 
13.959687 
7.788536 
5.455929 
-10.366852 
17.781434 
22.756957 
-17.599931 
10.584347 
-10.485303 
0.609727 
18.167819 
17.609907 
-4.529619 
-0.635436 
8.276429 
-13.110071 
23.096692 
10.934078 
4.540694 
8.954642 
16.577459 
1.333715 
14.688511 
-2.922052 
21.353728 
6.967484 
11.851038 
1.615528 
-19.469848 
32.111430 
-11.041146 
14.991674 
-18.952686 
18.172632 
-7.214509 
-1.351036 
-19.499536 
-9.511226 
-5.959601 
24.262381 
-28.453995 
2.576384 
27.219273 
26.071173 
-11.611304 
23.082218 
-7.559788 
-8.453999 
-11.898374 
10.409223 
-19.413737 
-7.558669 
10.051517 
-2.258678 
7.120595 
-7.407325 
10.593189 
-6.930984 
3.478569 
-7.083944 
-5.095376 
15.508763 
12.772458 
4.137114 
6.394739 
13.314893 
22.211020 
3.590295 
-9.318978 
0.615564 
22.757892 
9.574015 
25.916308 
8.388047 
-15.341987 
-13.792968 
-2.399266 
-27.816318 
14.478652 
36.458749 
-16.976747 
7.463788 
-6.537042 
5.891588 
27.149185 
6.057501 
17.999840 
23.307314 
13.563827 
4.045559 
3.927259 
34.419900 
2.483839 
-2.233519 
8.139758 
14.200137 
-15.849757 
12.240791 
-16.331127 
20.307136 
-12.798554 
-7.829991 
-13.987400 
-6.666395 
6.020692 
-14.892919 
12.785623 
3.164426 
10.254475 
-23.256650 
8.503834 
8.072778 
-5.946754 
-8.319453 
39.733072 
12.979343 
1.897613 
-3.555170 
16.926955 
-22.341330 
19.095026 
12.350655 
-4.466878 
33.485947 
0.037903 
0.321776 
-25.917586 
11.656292 
-9.956411 
4.741668 
-3.564138 
-8.105906 
28.304258 
24.209286 
19.783421 
-4.800445 
-13.091175 
23.426661 
26.806338 
20.902944 
-10.316914 
12.742953 
-9.066818 
10.965487 
6.496378 
14.926049 
-15.904575 
